#! FIELDS time rmsd
 0.000000 3.932684
 0.002000 3.932662
 0.004000 3.932632
 0.006000 3.932606
 0.008000 3.932593
 0.010000 3.932597
 0.012000 3.932616
 0.014000 3.932641
 0.016000 3.932664
 0.018000 3.932676
 0.020000 3.932670
 0.022000 3.932646
 0.024000 3.932609
 0.026000 3.932562
 0.028000 3.932517
 0.030000 3.932484
 0.032000 3.932466
 0.034000 3.932461
 0.036000 3.932465
 0.038000 3.932468
 0.040000 3.932464
 0.042000 3.932447
 0.044000 3.932425
 0.046000 3.932387
 0.048000 3.932352
 0.050000 3.932328
 0.052000 3.932320
 0.054000 3.932331
 0.056000 3.932359
 0.058000 3.932399
 0.060000 3.932446
 0.062000 3.932493
 0.064000 3.932555
 0.066000 3.932589
 0.068000 3.932616
 0.070000 3.932637
 0.072000 3.932656
 0.074000 3.932673
 0.076000 3.932690
 0.078000 3.932702
 0.080000 3.932709
 0.082000 3.932711
 0.084000 3.932735
 0.086000 3.932731
 0.088000 3.932731
 0.090000 3.932733
 0.092000 3.932738
 0.094000 3.932744
 0.096000 3.932749
 0.098000 3.932749
 0.100000 3.932742
 0.102000 3.932726
 0.104000 3.932725
 0.106000 3.932695
 0.108000 3.932667
 0.110000 3.932643
 0.112000 3.932626
 0.114000 3.932616
 0.116000 3.932609
 0.118000 3.932597
 0.120000 3.932575
 0.122000 3.993329
 0.124000 3.993278
 0.126000 3.993217
 0.128000 3.993158
 0.130000 3.993106
 0.132000 3.993067
 0.134000 3.993045
 0.136000 3.993041
 0.138000 3.993051
 0.140000 3.993070
 0.142000 3.993090
 0.144000 3.993106
 0.146000 3.993117
 0.148000 3.993125
 0.150000 3.993135
 0.152000 3.993153
 0.154000 3.993183
 0.156000 3.993228
 0.158000 3.993286
 0.160000 3.993354
 0.162000 3.932506
 0.164000 3.932587
 0.166000 3.932647
 0.168000 3.932698
 0.170000 3.932735
 0.172000 3.932761
 0.174000 3.932776
 0.176000 3.932782
 0.178000 3.932778
 0.180000 3.932761
 0.182000 3.932729
 0.184000 3.932692
 0.186000 3.932625
 0.188000 3.932546
 0.190000 3.932458
 0.192000 3.932366
 0.194000 3.932273
 0.196000 3.932181
 0.198000 3.932093
 0.200000 3.932008
 0.202000 3.917388
 0.204000 3.917311
 0.206000 3.917231
 0.208000 3.917157
 0.210000 3.917093
 0.212000 3.917045
 0.214000 3.917018
 0.216000 3.917012
 0.218000 3.917021
 0.220000 3.917042
 0.222000 3.917070
 0.224000 3.917086
 0.226000 3.917116
 0.228000 3.917144
 0.230000 3.917176
 0.232000 3.917214
 0.234000 3.917263
 0.236000 3.917323
 0.238000 3.917388
 0.240000 3.917451
 0.242000 3.917501
 0.244000 3.917502
 0.246000 3.917509
 0.248000 3.917488
 0.250000 3.917447
 0.252000 3.917391
 0.254000 3.917330
 0.256000 3.917273
 0.258000 3.917226
 0.260000 3.917194
 0.262000 3.917175
 0.264000 3.917132
 0.266000 3.917127
 0.268000 3.917119
 0.270000 3.917109
 0.272000 3.917099
 0.274000 3.917096
 0.276000 3.917104
 0.278000 3.917128
 0.280000 3.917169
