#! FIELDS time rmsd
 0.000000 2.765017
 0.002000 2.765053
 0.004000 2.765088
 0.006000 2.765115
 0.008000 2.765131
 0.010000 2.765132
 0.012000 2.765118
 0.014000 2.765093
 0.016000 2.765064
 0.018000 2.765039
 0.020000 2.765028
 0.022000 2.765035
 0.024000 2.765068
 0.026000 2.765113
 0.028000 2.765170
 0.030000 2.765231
 0.032000 2.765285
 0.034000 2.765327
 0.036000 2.765352
 0.038000 2.765362
 0.040000 2.765359
 0.042000 2.765349
 0.044000 2.765350
 0.046000 2.765342
 0.048000 2.765345
 0.050000 2.765357
 0.052000 2.765379
 0.054000 2.765406
 0.056000 2.765437
 0.058000 2.765469
 0.060000 2.765505
 0.062000 2.765544
 0.064000 2.765605
 0.066000 2.765651
 0.068000 2.765704
 0.070000 2.765761
 0.072000 2.765819
 0.074000 2.765874
 0.076000 2.765922
 0.078000 2.765956
 0.080000 2.765973
 0.082000 2.765973
 0.084000 2.765979
 0.086000 2.765947
 0.088000 2.765913
 0.090000 2.765881
 0.092000 2.765855
 0.094000 2.765838
 0.096000 2.765830
 0.098000 2.765834
 0.100000 2.765850
 0.102000 2.765878
 0.104000 2.765948
 0.106000 2.765987
 0.108000 2.766033
 0.110000 2.766078
 0.112000 2.766118
 0.114000 2.766148
 0.116000 2.766163
 0.118000 2.766162
 0.120000 2.766143
 0.122000 2.766109
 0.124000 2.766112
 0.126000 2.766052
 0.128000 2.765994
 0.130000 2.765938
 0.132000 2.765887
 0.134000 2.765846
 0.136000 2.765819
 0.138000 2.765809
 0.140000 2.765817
 0.142000 2.765839
 0.144000 2.765932
 0.146000 2.765963
 0.148000 2.766005
 0.150000 2.766047
 0.152000 2.766088
 0.154000 2.766127
 0.156000 2.766165
 0.158000 2.766199
 0.160000 2.766226
 0.162000 2.766244
 0.164000 2.766310
 0.166000 2.766297
 0.168000 2.766281
 0.170000 2.766255
 0.172000 2.766223
 0.174000 2.766189
 0.176000 2.766159
 0.178000 2.766138
 0.180000 2.766130
 0.182000 2.766135
 0.184000 2.766212
 0.186000 2.766226
 0.188000 2.766250
 0.190000 2.766268
 0.192000 2.766274
 0.194000 2.766262
 0.196000 2.766233
 0.198000 2.766188
 0.200000 2.766137
 0.202000 2.766090
 0.204000 2.766112
 0.206000 2.766085
 0.208000 2.766085
 0.210000 2.766100
 0.212000 2.766124
 0.214000 2.766151
 0.216000 2.766174
 0.218000 2.766186
 0.220000 2.766187
 0.222000 2.766176
 0.224000 2.766212
 0.226000 2.766182
 0.228000 2.766157
 0.230000 2.766131
 0.232000 2.766101
 0.234000 2.766067
 0.236000 2.766027
 0.238000 2.765983
 0.240000 2.765933
 0.242000 2.765880
 0.244000 2.765866
 0.246000 2.765811
 0.248000 2.765772
 0.250000 2.765747
 0.252000 2.765739
 0.254000 2.765748
 0.256000 2.765775
 0.258000 2.765814
 0.260000 2.765861
 0.262000 2.765908
 0.264000 2.765978
 0.266000 2.766003
 0.268000 2.766018
 0.270000 2.766019
 0.272000 2.766007
 0.274000 2.765985
 0.276000 2.765956
 0.278000 2.765918
 0.280000 2.765873
 0.282000 2.765819
 0.284000 2.765779
 0.286000 2.765699
 0.288000 2.765609
 0.290000 2.765507
 0.292000 2.765395
 0.294000 2.765279
 0.296000 2.765166
 0.298000 2.765062
 0.300000 2.764972
 0.302000 2.764896
 0.304000 2.764854
 0.306000 2.764804
 0.308000 2.764766
 0.310000 2.764737
 0.312000 2.764711
 0.314000 2.764685
 0.316000 2.764661
 0.318000 2.764639
 0.320000 2.764625
 0.322000 2.764623
 0.324000 2.764658
 0.326000 2.764684
 0.328000 2.764727
 0.330000 2.764780
 0.332000 2.764838
 0.334000 2.764896
 0.336000 2.764946
 0.338000 2.764986
 0.340000 2.765010
 0.342000 2.765021
 0.344000 2.765037
 0.346000 2.765024
 0.348000 2.765008
 0.350000 2.764986
 0.352000 2.764957
 0.354000 2.764922
 0.356000 2.764878
 0.358000 2.764827
 0.360000 2.764769
 0.362000 2.764707
 0.364000 2.764664
 0.366000 2.764604
 0.368000 2.764559
 0.370000 2.764529
 0.372000 2.764516
 0.374000 2.764517
 0.376000 2.764525
 0.378000 2.764537
 0.380000 2.764548
 0.382000 2.764557
 0.384000 2.764585
 0.386000 2.764591
 0.388000 2.764605
 0.390000 2.764627
 0.392000 2.764659
 0.394000 2.764702
 0.396000 2.764752
 0.398000 2.764804
 0.400000 2.764852
